85516
233540
610168
87897
436137
192376
845354
465726
247159
233343
998148
445254
589035
842195
631857
423730
205593
586201
480397
529111
647337
6933
657459
32762
29406
283247
590387
762361
501530
258671
782220
652162
382257
359042
259235
412649
917525
785546
113109
962156
389380
287548
168324
813802
257426
264085
701824
510476
72395
775284
944340
250022
43947
543622
287391
233416
33461
409038
308048
516294
368307
359872
91862
785915
700245
201841
449508
139430
12268
355975
86353
542368
473936
191205
434065
35467
353838
984579
828239
534726
578748
196880
378768
478898
143899
241403
274410
992261
857605
137500
150806
259158
367623
897398
385070
547993
731794
295555
539684
344806
553068
760263
459048
917931
29873
495558
397431
528189
309276
343674
200278
800848
318835
929245
701225
218714
428169
746106
858188
109792
572439
792432
641009
669678
543996
973767
309929
662812
936170
977111
459101
88879
916808
564393
774331
247351
348859
727255
477466
568726
675109
801203
628563
986889
893086
509095
932703
775162
67689
476660
90662
738088
377154
264568
339474
74767
538917
326713
245496
761992
993884
924162
486947
812251
964102
959647
607294
242353
41626
864716
84960
620968
916820
346301
781023
817744
582084
566177
447081
63481
844495
290916
156267
977098
280463
851473
878321
244820
992471
626431
85790
495446
434154
634720
482462
75620
767525
305647
386948
137577
853043
983196
743790
546110
484729
471651
703359
799707
998670
46027
278581
866249
272229
489531
228840
370184
561157
244032
423692
338720
476409
747071
961156
528724
310267
146024
802988
46540
785381
833675
514615
183611
191305
399122
60607
332532
404301
113254
72569
897045
982802
760454
25592
392125
389797
563510
339016
533513
971658
854960
463055
324192
283575
403518
943037
884170
867937
897570
883396
233194
225112
526623
552125
364955
404408
872379
170896
808822
152907
94282
111859
548764
852545
84108
693676
968343
707954
894498
598278
801372
783225
274869
74109
778312
743350
552529
145381
865010
211017
14415
141119
843737
794721
420886
710539
454987
963363
980093
513313
486590
794583
788576
547804
31791
939110
876508
795923
504840
645760
649854
542045
255539
253508
2833
853042
707722
303135
118291
924579
610732
508097
314504
544975
869186
389492
512406
617204
755966
368348
109634
5118
423916
181523
319067
106369
503451
339322
715859
45262
183001
722152
677128
4586
338214
613964
363706
883079
171015
227410
932349
464249
37872
664222
585428
630996
941990
268253
890207
429846
135076
733252
684589
998599
312811
547920
798526
181373
545095
98067
258249
787958
410967
162225
957141
89326
575969
908878
992819
59047
959885
61066
610547
688467
317428
394667
443127
630699
957041
632585
90875
829111
280873
333663
644
240515
618340
643984
620818
869101
52846
441622
824842
731352
404118
111443
690828
86745
482483
338476
72487
37941
808530
894285
8626
26617
918758
802957
162057
352639
433564
628503
71667
677938
954842
691029
438451
276827
30333
523826
621783
6614
302961
94076
727431
669827
196275
116383
67570
753862
392018
822880
53571
146422
465704
134013
185649
547930
354111
105436
81942
683593
333896
912705
378191
984745
183600
802374
670978
813097
460515
663919
22753
69846
776824
950387
567387
714795
608170
998690
894171
149953
390920
725563
442421
749811
239675
228179
562519
447880
356877
939793
825401
632701
914639
2587
433218
435733
482925
642358
559398
52882
846208
399870
257349
346996
538633
643576
985879
765296
389687
327269
913257
627703
807674
176373
380281
613476
511296
7975
722567
991053
546912
864435
836328
677108
766360
747236
118278
121113
13442
143672
19413
165591
121921
876152
911771
700508
10719
722898
685861
349897
503693
256615
42534
608611
674815
633234
885150
840533
407512
360503
588860
818343
637331
889449
605617
977290
795360
577513
930180
552371
709632
214686
6061
921526
450632
711939
436539
672752
301967
474296
968361
742399
749201
82624
128652
925233
877512
639987
190347
36520
193486
215569
205740
248206
46862
345400
633989
960086
91894
187716
751217
265216
862557
111337
141460
836933
339055
47550
542220
13815
9153
589893
741272
499768
469521
469257
794255
746172
184714
82263
115867
379795
847494
847090
791138
715628
763499
364486
64840
273688
977657
926186
188369
895624
143254
196398
225907
585736
209174
57973
756486
980225
339414
547182
704496
260249
338453
470379
562055
23215
287075
807479
523092
563617
898953
635942
181757
485522
497146
953108
694594
571256
957326
750925
147977
929091
199963
632848
256784
627328
875734
443361
287907
967212
264676
533231
185009
701784
391733
617681
402423
839324
658148
582108
141806
454615
632911
38081
635048
20121
680904
778573
780088
302926
636272
394177
464615
328965
132820
309389
803462
815555
237903
244188
287339
941073
695962
611533
875445
519491
152675
24512
881670
382801
849063
685861
22314
577379
959762
372798
994867
313137
214739
996775
659306
726554
586949
128645
370788
747134
335133
764917
522605
203153
332821
857500
741284
190502
501408
618071
716248
429922
749865
571639
643429
899562
570473
52950
417817
720131
320090
752493
480673
543266
624147
627481
50520
650294
440763
21204
101491
797247
176420
831055
139592
397036
264489
744659
436940
46609
438212
589792
244902
220562
67389
866391
885618
8466
127380
730230
437473
647935
485301
872369
654001
496801
706443
87598
716050
882543
274694
798755
815562
723017
379101
696579
668258
171130
405514
822465
998453
323867
274096
152369
265623
465177
163068
884090
34884
294642
353998
622739
25737
396818
452833
396945
121022
674350
546940
188079
423268
496849
125984
942161
242313
97552
656729
700070
112208
589160
137438
557380
234924
237023
211034
43029
196238
220666
769944
563674
869478
194350
11280
694158
984978
69507
742923
77304
522200
552098
742501
649994
617896
621708
933615
248126
140252
426482
951900
184975
674541
913781
515220
656741
529642
888773
276160
71277
2926
770433
569900
300565
276141
619758
707571
729032
552038
184990
461819
124509
238700
694468
687243
651565
3898
788935
951612
8824
177320
465864
76078
932260
505152
23236
158305
612906
952363
170079
41553
785091
655758
283778
524095
641493
263160
586882
715829
153019
497901
800422
761693
958323
884485
143619
60391
388927
245914
794328
215486
251559
339764
219748
354530
150065
216245
450800
259222
477362
28437
273982
963308
817940
26049
678814
998339
826556
494197
77022
461898
763406
296573
822338
943500
558769
129063
291865
195157
379448
281307
857719
640663
927598
588631
477697
697982
912490
806471
627141
347941
212208
456343
413418
718084
250123
139707
509913
878089
457018
211029
551503
407246
634283
121549
746068
605513
739175
610104
173778
757131
643580
329403
1441
71461
359197
877024
774448
935881
854649
676065
644277
792708
398880
530191
789732
562445
601428
149048
212344
49014
220837
445686
766132
318021
530448
861163
168931
543760
151020
913659
921450
385274
30442
743981
157450
540392
286825
257261
953438
333225
736912
100533
253698
157808
326871
704596
29988
117656
980858
984819
913761
811492
914481
851390
60679
330714
286984
461321
608693
408136
39778
282326
648945
334751
59925
673604
836612
518834
733290
66462
929799
633801
853302
167387
634150
393362
969966
161763
333162
722129
857898
518796
225903
483640
483291
891793
509672
178617
252012
145632
576784
690349
940257
688722
202384
378026
429277
83651
637677
262092
173663
831906
811960
55931
122302
588920
882652
805553
325975
441523
523631
383305
981640
467436
814792
381668
319322
822575
727380
41741
527810
585804
500831
507901
718011
730198
748852
120800
183332
118694
97911
848541
570156
347440
240929
470661
127731
431525
368514
391067
418982
78477
676969
747736
188821
222903
682937
714893
140009
10473
691430
27468
541981
543348
362028
858907
430389
981111
519159
859848
422037
343784
589264
894204
492142
793324
66995
763242
280126
365953
296614
369406
671089
860378
354085
622164
38598
300720
871613
579611
362477
878521
152479
551127
558052
210111
908202
932122
799655
839810
469914
59480
660593
673929
521387
394953
302211
838932
858449
2213
27266
659257
124410
479317
619012
467617
508512
127409
727958
687468
409338
944734
949692
616784
922698
580321
867521
207525
90229
949402
280461
729309
207830
11873
380594
993195
651713
499146
836074
574540
64394
622362
690202
766895
373547
339842
16235
413785
746525
834925
954547
496828
994893
245559
952151
595348
560613
222181
886906
328628
631633
23782
553169
406393
175046
297043
868484
274824
299927
129224
671677
764650
477095
418672
377788
39178
7378
800976
166874
364418
835245
785683
963813
355836
610599
115729
464880
923791
814984
794371
964529
571859
374195
537871
133885
523684
583354
711132
61965
610177
256484
594695
181889
474327
275929
365460
47657
787124
198979
812295
713535
698219
685588
965599
729437
33772
780030
789689
556130
79079
965678
45510
715345
249756
401553
535482
80342
679201
272477
304153
676595
224072
393757
354290
928067
524413
684228
52756
848890
607619
628172
52461
755060
374378
515787
834104
142124
309233
573787
656714
102557
475577
32953
474163
247469
577607
372271
44107
63003
891131
838615
578169
204455
460834
440320
594289
144418
371584
343408
714706
189290
843389
200546
841639
993058
899359
311259
847187
488101
844669
891776
291834
580624
338350
50494
929894
563110
740269
226103
656971
755932
960841
400636
796725
972969
67905
785062
319633
6369
768699
911163
708628
678569
919024
17558
981607
296432
53364
638604
895947
713618
572230
514211
303080
29077
644288
789274
460912
336258
559549
718378
413674
571468
892483
9778
287808
110198
420013
725015
792609
805666
193032
375645
509113
609904
966961
100876
145921
885676
135289
576260
900814
647949
846813
435027
886488
264650
717569
462588
291485
557355
922923
563288
605221
5478
43464
386063
125541
76943
91644
9852
248091
510154
803595
720833
997242
99415
417929
974985
674877
205248
224262
421539
281673
641503
538300
43349
39163
464517
837428
297254
923049
441113
611449
744755
161482
264676
406377
240493
583943
251641
450339
660535
650481
883711
728104
689548
398924
105170
312859
282362
226481
401904
584866
492568
562505
377506
291821
945797
400044
441790
357339
45447
701899
539620
291058
942145
539860
475591
909067
450411
15698
48033
829319
357786
954497
979955
792944
503559
307706
251540
478585
688460
74877
902802
969192
36764
329501
98645
846841
876151
982347
819742
119742
206058
823221
487367
234998
156159
199988
424045
799861
501484
262630
314631
789911
472805
675109
30555
130216
780785
167885
718521
42498
831142
925357
766017
734596
934013
203905
312554
872561
615127
952842
387428
728313
113472
792518
16941
739869
836681
937559
822302
607548
178545
546575
792021
41539
212032
390314
762067
26129
760186
690095
398665
547994
665063
971331
463597
33276
534611
185743
898388
754376
397083
450037
174286
888738
313157
913800
317505
776860
483296
350692
105764
580643
89574
565994
762675
474317
399056
345620
100928
384952
901402
91084
826272
49547
962428
748952
603486
43822
209550
170138
586751
880525
741874
949301
839751
232936
101842
789006
884328
963816
54418
909334
778047
262200
768244
120733
584437
408822
100012
694668
399018
832972
930299
471789
303998
589886
763921
792288
70897
807500
53085
675724
631437
834514
219049
833531
139572
724301
719164
983108
899546
549663
866844
878435
886348
391737
895414
96727
544046
292254
366730
551376
687727
121048
229552
742670
847258
135823
746263
175488
399929
432367
375638
340314
936879
906017
53956
439659
110878
165887
729065
187931
652776
767201
966999
571615
763604
900017
941880
836339
167460
435371
510153
148760
17105
50083
602513
480186
379684
507953
439842
69553
403523
780320
770545
429068
390497
71384
63578
139170
266550
43465
344710
32519
948751
894683
806622
537035
70977
942391
383855
945416
143314
28932
462837
727293
873908
256922
115500
365104
393881
149469
812306
163732
223785
51750
944310
896356
995962
776333
740559
504808
329032
39450
843660
499015
128876
697311
773055
498275
569760
60732
27497
951770
276135
780996
378946
786593
68930
96425
793109
558230
479772
243613
158516
38708
509992
574240
65530
812656
931185
352825
872885
438177
861045
506233
191180
228862
262270
220012
701544
620114
729552
127692
987428
712526
133939
407093
972994
252981
821032
692737
940110
179469
764210
684781
24476
457339
616735
19170
225663
446122
562377
969956
652214
204985
640338
871145
828054
22050
58894
101736
322794
602774
238129
146284
675776
457569
913955
271042
973717
951302
90767
519185
901438
721953
979550
229592
289758
276111
961477
18690
980238
249734
803354
52399
525525
498196
304241
631233
899735
456301
454175
467601
277538
533983
280312
196299
308700
777867
455091
54327
699638
637721
238500
565110
227552
879411
129688
855407
153402
505927
385715
980010
530812
354562
973112
283441
865722
698496
511825
716395
813411
522479
882998
915785
134865
640937
326029
38796
658166
956425
795136
866879
290387
796001
937917
386958
270156
981482
379611
378769
851308
338127
958382
958938
836459
808982
529680
742331
310630
810572
223200
103045
604127
498608
707764
27083
145602
61484
25999
348756
722449
690840
843579
896659
759140
185354
500564
46604
176990
490866
909374
139520
984043
280788
906043
575695
112219
796057
897180
16537
648505
384985
789984
949125
889492
530554
112732
164034
933398
811332
561772
529603
372038
818818
440704
543076
641491
821893
66851
30796
488905
936815
851144
535494
111559
258110
901664
941951
296731
528600
607707
72
535542
724715
638284
235628
300496
312460
562257
188553
718196
226708
519509
990798
167164
79635
670186
714475
190698
35960
518668
502799
761916
218989
266406
787471
239049
858910
872313
7816
12571
341808
983607
95915
488717
625277
540001
322228
920087
692610
836338
110207
406091
557814
334204
148360
200542
584319
869725
182608
71885
816356
737667
126536
195760
133701
15651
493799
746028
168720
594850
875408
263953
892797
84795
89281
427556
522099
595930
961254
805440
582220
251281
394410
802962
254852
717776
688662
49511
906122
827774
2138
813114
512334
791170
40047
15129
423319
808367
358914
240641
424196
327363
548956
367567
741147
40029
584174
530856
127401
108342
155055
904126
642462
795847
263276
301439
694122
556428
320425
126635
448224
922471
735701
750360
15900
360032
977273
76437
931152
914322
636785
718406
457970
677349
668745
63386
626007
100224
622382
919768
51586
794315
267633
292749
904935
680161
905926
595241
90614
336901
640891
408629
456245
459259
935570
612474
127991
860365
269631
929437
280205
490940
226686
883424
559030
122383
606418
720976
347519
640242
474230
248488
16531
910334
600332
270363
312115
130666
806559
209344
259790
858279
682443
644613
66761
243967
544514
130185
441767
434042
865984
445075
137108
194264
599573
170117
344912
236218
238570
268496
602081
663864
900389
877205
242710
429777
514787
153409
996515
73235
221461
276693
718187
347541
285188
515368
780612
122119
644746
387747
779061
746131
341728
983600
558059
781050
5315
545366
100251
19820
793896
2553
29604
882928
622493
727082
719416
93573
865186
320887
315690
71002
276889
448940
261965
391830
560361
504453
333542
53498
173465
635005
441490
460422
698476
134049
26455
526439
202624
228824
892314
862042
782743
822979
757221
921262
1448
701140
193531
673462
80860
55444
196873
18142
593671
229016
977980
409100
336914
293621
640277
35923
160429
952002
347146
41710
670699
243742
411004
842715
168346
193760
479355
631940
882611
814737
364003
987916
696999
109015
615798
936369
618022
771482
901387
302710
992090
860393
751563
177752
875472
837635
648424
396221
667637
670373
733276
256962
6509
944460
598022
34187
525913
407717
167108
530147
452165
278269
499843
999505
425086
560672
627505
825290
892496
729389
98785
75449
348990
602290
652013
437097
878391
765067
591246
259948
330615
913941
577757
272581
268740
543112
349349
941571
390357
732088
796174
890202
815257
347044
398852
461890
97070
663774
565464
692186
62928
557155
471268
625319
946545
452915
790942
811950
808279
440757
415343
953487
970463
715614
523333
95446
606958
525817
60328
753555
872329
702954
257250
408015
528939
780893
399488
388103
178947
752254
515952
534109
22430
374771
185863
271150
766777
630391
471605
758250
311110
821853
581175
975636
532082
415619
212194
187019
554823
954445
660121
215410
282664
222095
265292
511189
67668
211433
766962
615865
31629
835924
852718
242273
675915
146357
496744
564524
729354
691109
759016
615255
799577
771148
488392
959716
65060
13145
303587
138191
22616
224347
274697
440385
853253
162465
130756
688567
807554
479964
885639
494232
563405
384066
470404
301334
734272
477739
80107
461948
639874
971683
564170
577472
401715
563267
814734
403710
915836
53363
758119
399618
44090
746481
723185
623040
537714
404176
30130
782344
509310
738592
556648
59818
98697
880921
224934
374789
142529
906027
282397
44130
731723
884209
366841
578385
875674
642120
108168
360449
555042
442655
769008
26761
482798
828533
772009
49560
666258
864794
474590
593145
138033
881489
266199
98059
134956
485259
12716
329273
144806
357508
999129
224132
970427
304464
930357
433874
221303
211327
457562
104475
851827
985455
807105
374666
770479
409378
247602
675696
573028
576757
53826
2465
811705
298285
278574
633115
763775
307081
42355
789182
233509
210439
741101
161965
553270
335086
866775
904662
481720
11965
726144
308934
451442
113719
289060
795991
382168
351782
711076
805683
487970
936836
127535
147779
568438
689090
405203
677313
970965
159076
37237
722359
189208
673374
854515
78981
411499
365512
708620
857013
933145
117366
390799
423320
224113
63280
194632
415476
805209
223384
709402
224142
107030
924301
21172
555475
588681
802277
810074
454744
468963
327727
356021
54229
659566
650099
925200
61116
654054
637378
667167
232048
708462
85724
86420
741491
696488
907860
742172
891259
332061
386239
417600
80795
359944
411603
460374
822329
20540
750027
483382
360396
33002
759941
612708
584486
662198
86737
956101
140377
566537
240260
502161
925770
112442
163155
577961
99392
503417
470393
209692
485992
433758
455682
642357
415011
233410
32765
467709
178200
163238
427681
956526
940168
532885
710226
812163
682513
540529
911332
314973
481595
375588
213289
879486
955689
496566
751232
430884
505855
296312
155568
868761
694992
683684
693905
693596
737486
773085
364349
853569
313297
473667
813958
608110
446291
395062
791742
52236
435415
694360
831274
328398
995323
656195
986576
209403
829616
709801
962093
93106
768243
457204
612907
693236
728499
523123
492986
604208
913856
292570
881075
118120
521294
352193
895729
171550
81667
96012
348140
229637
671783
615511
807002
309937
519003
546508
53985
599177
176177
368803
114554
120459
354725
575434
346850
794815
778350
461681
256970
230617
907722
870727
45658
315100
821060
352148
198516
126096
173458
110564
266087
860763
598172
1496
586699
841081
382461
52884
949586
799818
349702
743610
383432
408189
5071
160246
179948
605595
476852
528504
970693
144274
593464
461779
646473
783058
164234
211401
356498
584256
966379
776288
618126
833396
440565
775066
715064
762156
931057
956429
370179
645574
911784
436406
13862
393504
126571
181749
79069
520923
576968
381660
408788
435246
365191
477164
227454
207203
928873
783093
283368
236963
314699
775740
920156
122456
225994
169274
648352
48252
42835
601108
212763
617798
358267
850198
698093
710710
57383
764967
905897
921154
400134
474452
581230
785635
932800
395632
530981
296366
585630
675581
147463
998116
157189
627672
394497
438211
167269
774283
865854
764512
700955
339048
28694
845282
435288
139195
791200
972732
32716
654179
871638
459663
650592
499124
37510
964736
628163
49439
186613
72896
131214
834406
901545
220129
519403
426807
959634
304959
592432
331691
782750
377429
246899
974556
71302
104802
829000
911910
137746
53149
694017
840218
551114
961132
152092
191574
986144
268949
798590
56912
655923
638899
725632
422835
349062
94820
553859
526332
292334
859627
645444
26914
57664
884363
745066
445981
538881
506075
323851
648130
39071
777650
754022
444177
48735
408989
41962
658695
289395
107904
799000
788162
990844
770034
485358
496066
547484
102490
991980
664382
791126
601315
361142
664973
854969
254959
390396
931243
165960
107853
684096
462736
931695
33315
265782
341924
407008
10965
823995
349445
192500
476066
19100
60048
383204
162114
950859
198162
951504
421248
323171
667894
581037
781675
337329
209883
342238
472049
419881
947838
377789
119562
351530
72665
212313
935214
120430
709392
996880
12768
864423
295975
892032
717056
570934
311390
287883
861147
645393
187987
707581
879532
972015
770191
977100
691457
806392
841179
962993
906204
579082
813326
537075
45538
193669
162137
134694
805923
620258
252366
625157
115289
268511
759433
817842
361092
545795
305695
290147
503480
330683
733055
270075
985409
574843
436032
216330
179778
955138
660688
872160
77395
428309
800532
430333
340289
131495
426972
994703
631804
452278
245852
674509
157452
109187
406228
631685
894544
898556
17567
203494
429543
226153
885114
708440
226999
582314
865205
396237
290554
279574
758039
500351
127827
992491
545178
775204
276371
679999
785065
99091
657776
328425
495707
479078
306897
889497
222974
305775
476375
348248
36168
402123
575570
728696
460534
12117
951630
747750
950291
800790
97006
625661
175705
688591
597527
600329
212878
235440
147612
192149
949150
786267
548562
199553
821
163465
938059
106166
364375
577575
658595
502705
359528
245058
106007
837835
284715
82646
713602
553061
251982
696540
944848
965165
696792
29535
451603
61178
698430
922843
115919
249376
286586
258054
718342
681149
47567
425434
525280
126014
209400
309129
777254
599064
512341
110745
402017
273518
276270
753017
380615
483544
484199
629151
549655
286823
530554
270427
388312
418900
235840
430845
168794
778405
139585
723400
533484
347085
240200
267800
237596
739074
436333
235986
750977
431370
987147
710454
401165
733993
890421
989087
735528
15072
694946
701946
488785
215138
76226
451961
485376
442917
644622
406806
144385
784644
769439
437637
851948
532582
235561
611746
43208
279875
506008
207188
746098
704313
662465
169363
737091
549737
84122
382865
393060
451564
61821
715057
550858
636518
237348
945872
944589
596150
172645
700741
599267
721880
788237
725240
530368
865333
634057
585036
891627
257046
625640
223926
374920
785567
763313
998268
106482
319208
530928
539880
769058
169502
431659
489142
813019
333634
349640
581509
610142
495707
276712
725067
35865
810090
800765
414291
329298
911255
9396
44961
826174
537499
777043
35586
790411
131244
520638
596991
321302
246211
631242
617826
128617
735123
67025
844402
565479
958942
904285
744832
263436
661260
310158
287514
920827
440071
660985
26406
922925
294125
817368
224523
324541
820040
743683
19519
101765
609346
335850
526948
84992
336814
112339
798243
547922
604810
412043
891655
642252
989159
487472
893400
732645
883929
13256
983343
265364
509867
807435
715394
80096
380193
457732
432254
318013
427435
868230
745857
292980
559514
21501
753784
886272
444048
819042
529261
982951
4563
370352
870085
591638
417286
709647
172706
510299
17767
864922
862625
858173
523221
833441
315249
34886
34739
661348
289096
724917
829650
742112
15430
893230
961135
634264
720435
553421
637218
793147
322164
619866
866753
380615
291957
7822
188935
918532
325257
643796
318403
109940
738331
301657
112354
769810
239105
390622
121355
269455
937506
109677
925794
838888
789246
815734
591782
264319
857860
654987
124972
530014
615682
577566
476491
816551
849261
331729
259806
450383
682194
930638
358290
544405
453018
588012
323950
6859
670516
593538
656986
368471
837435
315166
663692
81310
448235
451104
393708
888987
143826
460533
267129
402823
896342
419632
842668
667174
488783
838094
562787
170700
493245
605195
668999
526959
226425
338365
776235
264868
824403
311765
134330
762968
930282
912153
552120
750477
717811
693236
726007
999938
209324
943105
742341
767
690839
297780
127157
775574
909769
752353
244854
356209
581001
415251
696118
706687
895714
276032
680083
424623
998330
871658
430353
864165
710706
769443
128995
768418
377636
363026
971315
299927
72050
971557
455881
509237
562784
949943
344693
428461
87503
95833
881850
71047
914448
346921
925911
232818
18514
115388
77047
98549
668949
680282
501471
135298
888288
129105
702706
154799
254875
542867
628612
438914
956970
914986
217828
679453
447378
114727
971369
669491
920719
235357
234220
645198
686530
57903
836403
642751
601063
988817
803531
575793
429066
892938
613301
762793
926178
121629
949812
691055
844064
325698
342897
939937
644986
437963
267381
534154
221411
946309
476155
522679
814342
724746
371877
718224
833447
760499
479578
126480
997797
119257
955582
923027
642961
291866
775087
720183
735910
92621
826604
396763
957517
773190
485425
130067
499713
872491
897115
971867
596079
210130
775372
319957
694110
67418
301687
983141
166105
685087
369850
670940
846629
249458
168773
424245
624265
617679
600345
9740
69062
448041
660205
67019
646107
629683
883913
232990
392586
904819
339563
515971
809404
357491
833753
282818
852766
669803
249333
452499
912830
464109
447018
187119
337363
601295
178521
666025
165981
22313
43691
160241
375513
849097
254977
3553
402676
409095
987941
199297
750619
727605
245754
924826
313187
937757
961733
112093
129562
658194
445699
958938
22144
830318
12453
317517
149422
60655
100475
463344
403737
987504
205025
5314
230400
87662
614145
721404
410659
167443
854578
221559
206362
83135
848923
731760
176470
114791
38289
482052
953348
264125
671921
655027
214172
348907
782846
719749
30799
654743
61691
269706
18134
47912
947024
513527
986178
654822
520591
847957
162737
673258
80562
31703
194867
961972
309647
35794
579761
923935
574972
192472
208106
996498
70771
203541
38482
739888
100519
147001
276686
272664
310664
573660
624596
400308
361730
369826
914755
704982
777963
942971
148387
269628
532433
97478
428676
558919
162986
24672
850758
543964
74334
914646
872498
904676
197650
524921
890965
526602
70948
59578
511151
603241
8262
830346
394605
17282
151117
676138
660146
112867
452872
956067
524754
986901
36761
277871
216328
412850
162004
118110
502466
956883
968055
930697
298133
733592
498690
686586
384711
910184
48404
501862
796519
381790
305616
964201
643022
875302
101498
427103
89331
751893
239919
776771
838301
230417
23867
489350
714993
665627
540
466770
570780
540925
720433
981572
328810
932707
416688
12829
62581
673235
860494
219058
325336
930079
209785
30149
766382
311642
671663
979709
392250
177087
746948
138764
890928
29744
239288
152305
79063
639065
562189
173232
494067
766210
203174
905008
348904
167519
25429
7110
844252
946956
99815
495175
919789
774413
599131
476854
113140
44769
674039
15777
878963
122254
831099
310414
703767
298966
935674
653187
88171
213937
460955
552496
261299
684333
408889
355744
807921
837190
850392
808919
330045
224842
523957
416002
851427
603307
865499
445190
444379
370818
485377
697746
964510
414256
978533
314750
31526
566753
724565
624867
860154
137933
559582
354655
437950
407289
712952
459210
134373
799649
77797
846670
576175
808254
450262
287150
820058
341720
624208
553639
264425
14471
954042
755091
694299
653365
700224
724053
707110
871264
578326
675997
723644
829266
518760
257724
856958
454117
239410
240389
694371
887208
893678
141781
745491
758621
35475
550179
68482
543466
44959
636051
94528
659099
218298
574572
724513
779699
456589
109623
302372
844095
705688
567440
622911
40860
567434
894936
768887
613416
962740
862095
225165
813793
389346
898642
992484
638729
650870
718753
323320
384316
332460
719133
602552
582692
537891
308162
101581
860813
440912
100261
921132
225221
150774
963837
333682
943131
145652
950789
530106
223137
96312
278072
903648
533646
199557
377958
620233
92026
593191
199999
912590
349300
752065
459161
821345
752992
25672
125312
685453
316521
453285
880037
249095
438359
621190
184324
711459
95024
785486
496330
89514
5263
238756
510177
221955
891777
252847
561779
387061
959343
181629
52191
33131
712133
16761
55232
831051
462180
322205
229148
349804
861377
950242
433797
516234
585854
728698
1499
210015
592859
690879
35517
496304
304879
517549
374818
922993
765794
423424
277539
813123
259587
962180
529183
117862
365734
172879
92205
425350
270181
269537
242589
241221
149478
601313
680043
93530
238958
114657
719760
954226
198188
821652
644492
848219
344545
582072
979603
170964
303804
825478
581611
98508
229125
750589
82069
1450
409165
880559
74648
756886
302132
309513
331996
92878
167559
392591
207463
832206
793934
222862
146880
228050
631724
7561
769814
742259
588664
645971
821553
469278
137821
828498
188472
427920
253846
61643
254877
397640
730889
527495
247323
144328
971479
231392
240352
36246
110623
926006
233275
465732
390619
699046
608151
377754
552582
466254
162447
242560
797448
201554
52193
841211
704527
965704
41663
662157
517912
350749
621194
781624
222274
472922
483863
335435
507449
123018
44550
945139
271995
392314
815166
192510
208891
101046
244691
104648
496874
384011
421720
47358
723985
248355
605493
990869
558799
704963
827757
961776
943637
238431
52266
329066
733301
807602
435557
480542
824592
250415
686820
190839
554347
753048
413684
354597
106509
793640
168893
65120
270749
471180
441955
643320
542280
664101
354640
67833
114152
405756
709662
189767
671690
981955
932387
97509
594583
376782
355696
183951
204962
552433
183591
785318
935932
682772
970419
313066
420825
780409
44716
385078
455402
955316
157458
106406
538931
280961
996799
858121
482778
886957
647522
764253
60385
123189
943928
277697
246035
280711
595755
712817
347912
428635
974641
848029
645055
906309
269645
932284
472744
833601
841019
504270
844136
628139
647356
885822
361565
542756
927918
407025
164800
205013
494919
426017
506893
130957
86027
803
200867
204342
325468
627349
679405
703242
242359
17267
257429
944420
353362
95220
659847
96309
725366
531096
412130
977774
488911
341540
100141
22478
84725
658473
419993
57367
637579
846846
712402
132195
325154
75136
140084
112456
68419
704917
197497
704540
685928
128768
378043
616307
454717
620728
378431
990069
262099
439808
676702
228627
65277
316048
229753
812213
232873
528283
845048
98523
12947
476616
253576
657039
69308
33916
532560
800748
834622
549754
341655
776935
729101
946479
478119
676586
81203
21973
768994
785806
901459
415261
793010
401480
461420
211204
275033
851977
736576
720526
963885
137018
536305
681600
887442
875460
374490
444851
347488
412643
18858
17858
345010
337562
46839
543314
279248
172268
865476
290509
999600
710193
109902
169041
889374
596964
867557
939725
292099
272714
342432
30679
825356
389171
390576
411493
966975
821834
756244
142800
201738
414040
175569
472296
472776
249667
415658
853042
354778
910575
492112
761103
979549
298718
189946
455547
655223
318029
118513
846239
27882
808757
952066
85671
355799
915689
679207
362004
622912
935874
590266
73679
786231
911053
615396
218507
637691
195871
812937
416012
650657
959483
454611
667731
546245
570322
955588
513154
68957
658869
192872
905035
485237
623001
378727
835898
461057
451810
598592
529415
790828
470502
269963
238847
545929
320364
729750
331304
110627
701689
88452
562261
825039
526526
32065
64053
715384
62659
244099
84252
499375
138754
512750
833706
570191
853204
841365
766245
376515
197826
48724
210218
553050
981898
822854
3497
569735
906703
476990
932262
735411
58940
545953
47126
323206
511260
555521
145285
148279
154197
453569
671420
964406
25924
142280
655413
2732
575743
395619
51605
938056
804532
416742
959278
680047
465380
42607
345154
145601
902395
662689
650782
460522
34269
932889
326094
288401
109372
917823
69299
423295
602582
108406
130641
454563
115928
942762
331191
345594
907674
133179
958128
727457
447364
778018
792288
747278
597902
180286
292941
290234
257258
304262
944677
738852
650209
820045
674867
199622
772607
461235
884518
128877
598931
3449
471582
768790
988377
354282
643441
355085
264747
959717
345768
324827
114491
437186
589086
985354
78147
531370
437927
495931
567792
630037
896829
712715
56673
726789
873156
125508
728288
545745
610003
658385
254280
847967
91091
401264
693303
954029
77677
194106
983200
539075
642061
958492
12544
336116
324562
798432
82045
302919
506656
794162
111770
836981
907272
548642
719361
421088
566793
217578
18768
464068
237402
801300
425833
393315
198062
516998
761929
683886
164635
413370
218065
303278
698489
299975
996978
680955
216623
38561
60919
752685
880519
698704
783222
904847
840009
833418
840054
403548
10397
545240
693541
139477
481485
310736
672085
657113
913241
410657
513757
879814
528475
114053
241952
487293
989851
291404
979118
529997
231470
378065
750504
839364
143635
161250
676215
593505
64750
662471
389694
615876
366798
160532
835677
676858
808815
179902
452321
174026
914891
331768
867064
195624
412530
639416
973151
322581
22095
795151
36622
212803
203589
927898
259036
691832
478292
593848
459269
628364
694094
526000
346381
195110
783853
945641
766916
737591
685150
269882
298825
57710
205289
837319
289013
969298
286214
825503
946225
366005
939460
933021
84559
252098
662575
458012
521749
870781
193945
998725
280855
458938
104706
627137
540441
193069
601138
711971
462450
548723
776037
74178
484168
353289
698866
304505
826141
463409
327996
12633
15817
362259
675436
922703
995178
406290
217334
403098
510060
710577
637836
967894
323051
685624
245178
148058
664015
931638
507709
479473
250690
335571
561851
134370
189530
176094
690933
656666
751110
321474
711860
416581
472282
849172
41096
706653
464194
563242
713759
125801
800927
112661
239291
897677
239362
316581
536740
71501
701214
639726
934954
53405
724930
482881
160123
715803
530094
396665
342591
318065
37010
573362
536251
62204
693612
251429
454139
687058
633180
21477
707574
6027
631750
573795
260321
748662
493026
65441
271725
78444
855566
289304
545401
67384
26667
312641
351908
784886
680622
551352
63792
558937
877921
746206
977264
34428
385578
82860
208186
637052
535513
704470
81733
76198
580508
353139
631757
562736
956508
610621
951996
889639
546850
303303
503263
139074
62511
25332
821766
301565
579407
926919
754170
341832
931711
494388
556077
334104
516066
193541
260806
343840
306613
874449
530273
401640
541629
61160
110727
366874
913408
166161
657076
254173
173488
695121
714697
394909
281939
293432
4348
106298
704208
879336
892910
703994
86744
893352
455642
942531
196382
419305
201073
446238
344238
119378
555202
568395
466170
741213
604825
602908
73595
393611
925767
163647
809636
225886
841541
776310
304480
613490
271979
475103
512996
988702
523497
346707
211063
748006
45757
797153
533928
349557
869738
387690
543998
888545
385653
914422
626224
318320
577463
531247
842259
315431
69268
586068
88282
611084
738019
337560
529717
100069
148493
690935
394239
216446
526160
41238
117111
100474
250517
858350
458563
911545
442714
604321
116790
985030
356599
599003
7804
288176
849177
668069
99988
548148
230613
893831
650453
289961
621926
875228
773522
320109
730616
541296
304310
970115
695809
338494
693366
335052
643285
471768
795042
786472
18763
57997
981780
125318
904587
580581
413219
870635
505482
210264
810677
652696
812842
629744
789040
215092
437741
143942
725547
765121
577731
693892
667833
196733
242159
169348
524796
644750
401221
793838
423424
945479
500697
838798
19054
956748
54209
181435
883378
185368
135104
945966
261488
455540
173751
785731
620097
119189
518596
223935
102440
591751
422518
281850
147727
110303
868156
26345
853113
191712
119265
113424
373789
150972
765797
772165
168802
563315
263196
487325
221553
342023
302194
782838
693331
817023
49837
153580
802996
419347
13475
102880
620598
865286
852678
417534
391773
491798
982121
769502
984167
489177
439246
15602
722041
288363
681928
808053
866105
651859
6830
393147
447583
653764
180890
899664
377338
259116
314151
8549
466630
63438
249684
348104
257781
203212
974297
893452
791757
232169
141064
509693
763066
970959
986202
488382
171225
174763
885857
644952
595930
171868
908590
663803
452194
254610
479422
768551
903772
257653
850178
208220
871363
321066
872279
894410
657237
745207
253066
292395
363223
889695
513065
504383
800727
568106
256921
246298
817354
660357
918897
498384
767288
359975
66732
861837
971520
643749
259702
353562
628188
293849
579871
17868
422597
215789
938632
998553
652426
719746
716726
802308
433423
744200
196050
29837
685941
94817
65750
143701
737123
234940
681124
220406
714149
573409
659712
747707
409407
166462
103836
474665
411480
646470
305166
222384
165579
609718
965022
737606
344339
876287
594384
166160
831187
857082
766254
287162
897850
225010
315841
322897
635022
175700
941125
922933
260151
645906
232302
798465
669468
379790
874836
172923
98978
905644
136061
120864
391874
739622
383327
546121
272444
402119
749471
537407
514010
554157
264010
378367
68911
690943
492128
583132
444622
596798
260756
432338
613802
146040
475654
904452
350618
988061
171502
462961
462810
246477
81120
483468
156265
973053
660055
973186
787648
321423
919484
207629
308656
285431
106401
373434
539098
427172
987761
168085
31210
612182
43224
225199
115066
347250
789469
262833
830737
626319
486834
681932
568112
5013
777915
745838
683286
856337
506855
895083
586160
854342
830389
762302
978720
266769
138083
329885
326677
876983
405797
662503
217845
272385
832230
619656
283951
105061
236640
683913
895681
864429
639112
329531
59530
141813
279811
299952
70108
10798
860572
192757
255502
299834
884722
813119
813400
972419
607755
650434
852526
755085
624956
292165
796959
759161
33000
380852
525750
229890
596079
417613
431322
766332
881175
613707
529322
592960
31891
522601
365609
491045
784743
509265
665187
529273
294200
668195
527473
23880
383809
966885
13386
642188
400230
710397
426222
964404
712881
285661
952535
705552
958310
409729
119973
330659
236961
960315
85968
31868
777381
297409
214357
687358
496889
906465
126984
279239
736561
472591
332630
766722
298427
475273
420690
725213
113479
135120
473623
31963
849865
555794
469092
122994
426953
850715
988247
628205
503598
139888
183060
988896
189657
831973
879450
881253
518199
847261
622718
881749
375538
74665
582868
927569
638115
340923
377697
72453
171160
898373
680288
672443
823242
222518
65882
470546
903269
279369
841858
299854
409187
717581
153054
633348
339861
820246
165991
741056
451255
170798
236309
438650
282317
910304
882333
176493
298010
685807
888302
514338
54089
376208
467672
473046
60278
648577
59322
73389
186928
629495
860360
858107
714041
905171
104353
357417
475638
285513
932100
15660
226131
956198
856316
473637
108726
291213
518769
620305
266121
741
754222
85819
161456
651974
711476
735426
852720
161654
754907
112081
968360
913537
553809
81207
690292
494818
509172
371230
276451
927605
587629
236407
223640
783176
248592
543513
136404
934865
786630
614300
709509
144138
295998
519265
305500
702790
389857
461990
104482
33827
330190
349093
396299
217825
903005
286014
310540
55221
336317
992417
849230
146731
782758
774779
847045
50031
581538
198325
619596
18340
118544
447672
286054
530971
263512
570457
959061
690344
466606
658014
727320
228553
644325
30564
100984
405244
65049
360455
50201
977183
1988
747784
462852
679192
889109
339445
976600
809571
385819
920448
678120
446680
268260
891325
490778
184416
143893
248084
409207
931917
833044
556607
894723
235875
632911
887952
394135
840628
674282
503159
327310
32371
32342
48689
723173
74506
38955
275139
572761
224722
466377
145697
538973
637491
415006
430722
775515
495769
950529
922154
26110
770441
625248
350622
551914
64550
201350
307839
69109
761016
183065
812322
840741
223253
44090
267198
120469
62303
274658
585367
766901
814555
517870
427836
641263
982860
424685
598708
588686
672318
504844
735859
629256
413397
519231
992934
633118
823940
957428
487012
340010
375523
445814
418384
741430
739612
66850
36373
319216
554115
284167
604699
804625
783284
996586
640667
353905
884039
32133
125911
269804
455310
83570
682609
269245
301366
664723
369031
697501
379170
797266
963243
156265
965094
636635
911501
92973
584184
609400
315372
818193
842734
838223
481134
955696
522942
471344
646029
134340
471673
548457
291670
594001
137989
384932
158473
595028
390646
320301
767971
303756
343678
224844
826564
567416
172000
557136
362158
321882
924026
522854
861668
850040
359898
951125
391197
120399
884537
17026
730426
944231
929265
795487
817137
222933
281267
438883
358818
938031
59013
371324
32272
750351
483518
240812
555791
199631
327743
965519
348612
417742
522958
87243
962014
582565
851509
151542
22454
357253
196361
110658
706388
37706
174111
303039
285841
569416
215458
179901
641049
951949
627603
916681
798089
782902
971654
607490
361409
479132
992497
211562
862045
42155
925356
694718
867736
301928
193956
791776
645978
482906
626403
918665
767445
39913
443002
841419
799949
648255
293636
237361
543758
406437
762488
588898
497508
969601
567613
622779
166993
917535
70257
904841
672118
294141
525823
480355
91500
454741
934835
50531
76474
884911
275293
7674
466093
631167
411994
475941
558233
417889
1302
870403
827159
318190
765526
143945
139992
38366
674036
68500
632768
923451
783971
625235
255704
344918
187886
9428
350399
752706
368636
588493
165234
485024
31831
603061
956247
59359
131954
844350
919941
369318
640803
781977
118884
858998
910950
485227
476099
33847
37824
455566
223438
763230
790513
866296
752159
351835
122900
896354
742769
448142
823982
555485
355176
760545
564206
343860
396872
429575
975563
15336
901028
326493
791868
134501
553508
283210
463880
898641
372783
187518
79227
83922
300039
698392
391932
296300
583872
245984
81259
518256
305894
245665
520844
178863
178889
218460
212198
878840
126873
197529
523290
687238
474816
900790
571215
915414
865342
32594
260590
756910
827325
772745
454506
414413
313045
622097
614597
505565
151342
360248
766935
826791
99997
43170
803405
613627
423765
657292
761174
936415
393013
12044
769807
508897
112235
780586
90181
614329
783200
674937
6622
656742
467081
13475
326189
997845
260429
352061
592534
611158
172937
262600
901291
130829
223541
585675
272682
425444
495953
772280
900472
215894
374572
275431
40510
403433
853079
692219
536237
191409
333698
797935
682963
60646
825725
862443
533297
375732
135293
161895
854830
357663
211588
924712
697837
360958
45439
878426
527895
96947
81619
675429
700586
128074
958017
83209
510491
158601
595411
354716
870228
593395
249283
915197
252741
343898
766414
924227
600761
443687
193817
239731
481961
800306
390333
874537
42533
479267
734551
713851
96982
891287
114863
561372
941085
575686
517731
651199
833786
348016
470222
541665
780012
33353
246722
375123
915457
937087
720306
564871
404258
790713
635526
324677
294525
247571
583196
614596
245654
203428
937172
628244
20233
117828
405354
422176
55890
166215
7103
548008
648278
332878
359329
535100
281471
183608
794837
655229
930720
473368
762804
440568
529926
907250
610224
820797
906196
67445
811455
511685
453429
335943
669694
511331
351089
241125
620923
410251
236218
613353
459480
291636
88875
824026
861428
463374
159693
58674
661079
296330
992869
984122
438724
977841
634552
258783
629006
229808
786036
505202
819786
825424
948963
996031
764671
532936
895604
585264
668138
411530
654737
511153
215807
701038
372281
953139
549119
606905
715477
191212
56178
153980
993728
775816
607335
750773
909691
450327
978149
946206
911080
768121
68395
232784
587693
93740
47752
109304
928047
750849
327183
661211
947585
780863
93722
309429
311278
303291
834468
950159
497568
840388
847773
400098
955528
502597
414728
959140
999399
776212
81331
771527
164413
928592
715346
678283
232534
720240
687363
483058
576572
549161
265265
161486
797721
603933
422747
843675
747286
800924
23720
392225
20285
17839
145776
698529
59422
633634
266325
605757
600257
484061
287672
112252
380085
331268
988449
575410
736161
281945
952021
60097
574236
912057
636286
83897
619666
104305
794190
338752
833469
237370
299801
467746
784184
240496
825595
911935
605972
420048
491132
496114
712308
449616
417913
490655
516943
627867
159729
640511
922781
636789
491100
927977
15171
660458
559054
247784
752602
886079
524503
709976
706277
219431
289982
402401
627505
456630
368064
205427
49960
437481
914713
426521
857457
282833
494126
858777
319075
260366
264914
553183
746925
572738
652018
438846
66966
568425
358040
562244
231189
788581
908559
359845
910854
780058
121524
57461
504916
22770
775524
573921
438939
399989
693546
586580
263792
95408
381570
59128
637728
575114
944767
872874
667472
329419
239242
896089
319790
756559
369193
594940
664438
498496
964336
711988
159294
913775
863666
777578
492097
794860
617968
772470
648077
19151
298841
563906
436541
515522
506749
778185
800938
952011
401534
459688
42152
501076
231379
991846
759590
964363
478155
872357
16092
159832
715176
461061
260379
919439
69527
84823
491863
370783
35423
446183
618236
174944
75557
615162
476348
64699
70438
85735
262589
876037
535931
874160
720880
879378
921649
57696
477075
787078
527425
886574
451531
631371
951418
213091
536111
701649
896754
420248
251051
430780
316575
165647
777452
395840
169267
263023
638339
204198
921000
111372
739480
999525
625689
203168
369291
11998
855859
705579
994366
26069
169849
206446
73483
268407
516803
38803
870505
624192
19125
841472
451557
151216
616327
44054
520839
570966
777491
590134
262074
875146
756378
497774
823422
747455
113316
376014
57999
37883
779876
712179
336396
514059
834691
182541
312951
577603
171226
25421
961583
284624
928329
483472
980249
432496
743105
884691
900586
692535
551282
136331
499829
33634
255365
597942
562298
44244
247510
815782
373551
76590
334628
802949
799093
872083
783109
231952
142091
506558
602004
816213
249804
392623
220409
552729
237899
721546
505637
939106
303627
150899
690306
62455
535058
614077
411907
846402
444295
21045
52592
431095
60880
30467
670901
530420
839121
360173
309496
625118
361178
765678
7368
162588
404843
115374
909487
610929
690837
668895
421384
119520
350417
512033
45376
657248
725340
440453
867486
601764
432147
118583
110628
691254
511141
488727
117154
103336
172647
765245
814528
189821
465261
653257
504954
702226
639524
440134
744267
605526
877312
344797
37349
221751
605880
876415
502755
551613
153124
5414
970528
839606
326244
833301
29828
124209
327836
407293
628201
258771
316379
964385
871332
802635
164216
107820
328999
260498
613154
986147
563555
16401
332596
775560
234629
507065
967579
859761
346400
54312
675714
657624
510076
593476
627740
148802
918950
452099
21357
590365
541607
542578
381903
930754
391396
118826
933166
645552
832673
697485
714725
87804
19027
42908
571689
850256
932139
867005
313796
517760
880063
331824
405457
108376
791107
635685
8328
661521
675019
898647
497320
820350
357113
853091
726396
589831
661186
574790
785287
206596
163613
753316
425114
445963
474958
839952
698849
333466
363447
533774
277374
182362
759090
575665
14911
636056
505380
132546
641530
880483
753107
532249
199819
220651
382103
654533
474653
992411
867804
533499
973802
25039
949010
830231
398481
290557
369729
463370
400717
589618
140072
287021
304317
844166
508590
431933
477575
439632
891696
202493
417141
587663
672106
113128
285756
210399
43198
399846
483650
212115
408721
663817
476796
573189
291788
618843
474032
254711
122872
688318
377313
113993
460407
356922
718205
475730
98446
715837
31515
803898
429942
993977
455117
366521
598816
236437
545596
869104
363389
569337
341854
845687
984992
194205
310109
87632
836233
368474
77594
987772
693288
325966
541692
902753
621396
608686
879828
360484
359618
853349
623877
733472
662903
332420
321699
308010
128861
569348
436200
696065
670544
931483
262873
790147
12878
47815
738681
490416
873655
959006
504200
588943
601879
699615
373776
856617
763445
847675
508875
25911
679532
207696
7296
620319
802998
411319
484366
328997
682131
892833
372090
396906
487289
415353
633646
117078
794328
790676
178810
574338
372064
334996
282142
580729
371580
112525
6096
670759
942734
947590
252738
619940
392842
333891
544146
488528
909571
853465
828546
584307
512428
196807
225214
194638
564456
785991
688577
215341
660664
874807
442277
739414
69169
607280
814268
767975
867820
593840
127310
277146
43369
629133
795369
884053
692677
813939
114848
231237
938933
407134
608773
383187
441825
515234
424430
497995
568617
329646
342331
535937
203132
719975
628096
520397
379318
214388
994128
563797
84345
916020
564812
225501
661656
944007
815257
141641
355090
661556
377746
381488
667637
980043
755300
484342
587884
340305
376643
838910
406214
361904
292816
721393
436137
318414
799776
612917
189891
998230
176233
845222
880950
140060
356814
996882
469962
891392
125752
690055
132269
513622
381085
168838
716903
748129
747874
379720
732587
425576
803278
362982
60785
705485
771076
610413
790165
254349
980223
127752
773731
844652
105859
367380
783024
402598
105915
374210
392395
668696
325022
640591
648199
908604
779936
726523
434215
401534
986648
466393
650368
685717
473224
592387
571287
967019
578109
489403
323260
13877
959647
579037
760631
579230
981950
622343
123865
955467
277830
395389
477297
395706
363162
192778
495061
86883
249133
740180
376840
927199
177891
542643
185993
597432
711905
749110
419744
986387
578389
419853
871993
955724
257120
460499
145275
138178
868100
571523
114334
880372
793299
442476
376902
909518
595517
992767
327390
915001
51552
514195
821597
183569
279114
130674
540176
695016
517176
14415
22144
146510
62425
596920
720421
807541
90469
423492
621671
750851
236901
989801
76850
780023
740438
984675
38226
374885
880158
443005
294910
887192
203946
957502
282412
62686
445836
257977
436889
535008
999088
879879
736135
417260
989153
187440
78301
54052
387236
324665
314911
455148
237428
627764
399506
841625
30692
958477
33966
761263
579903
574843
436237
146840
807577
949439
99572
641658
617482
702292
986006
214856
690294
736886
238378
309773
357264
284891
318263
520528
873223
582341
809436
866308
501199
96212
778804
596151
232537
849277
941841
603913
843047
7820
588986
769210
245851
374289
168347
276671
293461
831900
190449
888926
52949
676199
120110
647893
249676
431834
169752
249728
277095
628155
539966
666339
452887
525064
648215
322
438956
285760
756784
98737
290817
496991
528709
896056
195690
720459
625206
503789
410307
676162
475435
23686
120571
316895
997081
186476
535829
221910
375207
965762
978792
887572
327222
922540
66161
454682
978806
491194
370797
418758
177687
388641
508275
227642
275309
930606
262467
416523
379393
884075
490471
536670
780566
840408
351321
816473
185554
931886
360351
496097
48983
819434
897403
904526
896473
745649
558716
514760
652141
339230
414115
963538
690987
239606
28743
476704
706930
122123
438347
552903
317216
162207
858284
129801
793852
113969
445665
182805
712333
149338
992942
273086
387083
348815
874341
21918
460767
152450
541254
695854
87319
402110
449644
786109
930472
151926
622658
821959
903305
142166
190909
304913
91203
557066
17027
845015
345622
992212
47444
363532
102147
375928
999770
884948
656956
170117
492421
757917
809412
193362
276282
655521
447418
999857
989177
769115
268430
526248
279994
746874
464401
584419
689150
214307
239249
62752
990568
934112
614200
322747
884954
743737
714800
354178
125501
636414
325099
915175
191253
35079
905776
478025
835124
744916
3699
728475
475507
18721
737099
776849
118867
419713
642317
741157
521822
850683
312708
284587
685277
241032
695797
421
763946
501086
983129
822188
755444
616008
78158
609622
561895
581718
985420
284704
479853
337455
663891
783735
688048
363199
92311
853101
165538
58755
930270
201114
501217
363955
787212
186345
895642
825982
912243
597840
414946
40461
470640
831017
658678
96484
353819
342230
248444
861486
826245
691527
413027
512314
447256
451092
882866
789834
639223
271412
916185
639004
517526
35156
516902
865522
177369
808209
461557
947757
876285
150555
145265
58264
217388
260924
432210
342324
642932
527450
594767
828064
597178
686502
630507
75061
934559
375562
371284
470696
419631
53025
766402
285890
49037
901681
403336
355655
208778
600474
225904
153109
72096
371336
155922
309490
69658
133199
675164
469552
784761
297217
344429
561054
740060
83159
73326
250298
436295
834126
255815
373692
60672
37011
288742
295133
841589
420239
596909
88757
175451
736276
842924
482416
114351
521188
935775
598200
557030
309721
459076
898073
859887
931380
978622
133555
310237
160314
831266
820529
808100
906945
756026
878170
60911
636054
505396
560930
970935
274527
924300
418815
671805
883490
334703
391375
41213
861826
181236
321362
832592
70679
673475
547187
300124
663975
339089
493533
476533
871560
582909
649994
479366
404469
19236
990647
511869
268959
108598
385357
555951
127811
607665
356141
19809
204664
348152
921622
138725
719380
52866
568387
35749
676513
113285
863733
705926
863881
607682
165756
818224
487662
835881
670863
874824
669949
320451
97034
956083
117556
735842
697384
830143
359754
596614
89513
479088
50706
464414
70834
708449
252145
72386
841176
48242
228547
636306
366975
802785
136238
413082
921335
411250
265751
184543
487252
786343
562757
572942
351955
119128
849392
342556
118610
709267
383091
776625
686403
629570
895970
19610
616076
975693
893378
22981
110983
432052
318191
578559
663795
879831
350377
724636
736237
633012
17569
795934
612671
129097
93044
543229
607411
68402
786717
461693
864779
797741
777383
615560
280935
393365
284008
357895
753252
223474
51304
469258
695397
472327
435238
377321
347382
471593
966199
910662
988829
218175
816098
110344
754063
461925
571041
134405
965588
856573
593146
550237
478848
600117
492143
729613
490758
290811
98278
241977
244407
240435
195024
415115
661205
535660
403107
16405
461511
28771
378467
834501
176511
498648
775935
429071
251814
605264
662654
436494
529257
992208
886672
293110
786921
356029
499061
373850
835847
82974
885850
954185
842991
599375
584854
377051
952673
992303
367306
636394
610656
421540
487551
515627
660748
247453
88610
603183
376743
81192
475511
457919
37447
302902
38954
540703
711373
788967
516102
145784
996398
905956
510333
960772
286539
104698
84949
740107
589528
462361
147487
152136
220539
566425
533178
203249
236352
407850
198423
840230
934439
247986
764824
69997
981863
729177
314540
846032
801278
949427
923545
357432
191389
19650
163768
604384
527992
108701
404851
446016
532513
850566
755083
428014
958316
144190
98068
321027
749691
337052
289052
343807
956564
958657
335017
412632
135740
423044
884559
709383
39862
405336
79020
130972
492688
426753
843318
910579
397823
136931
6291
34851
44434
622687
592476
661962
915042
388325
364265
790815
804202
566546
825481
392341
864798
264568
240138
494989
199795
960663
740442
542183
36690
660822
58963
517369
524440
20161
624013
544003
836762
122622
429829
569703
829032
767166
443288
638314
500604
352654
351097
471025
826384
846471
826773
688598
833145
443274
679522
204360
271732
986758
929291
570356
15751
416826
695853
727523
33899
482227
337911
373032
481729
898031
161238
742317
880089
232835
573161
981373
983996
647034
476554
579237
346248
527868
716358
151352
831330
829550
567101
94642
24077
196590
780458
199390
297062
194137
698680
703520
83811
963058
736108
317561
548847
264358
276352
289445
589702
839068
438676
231637
313237
241014
794260
421470
356430
900245
891402
938656
949206
214500
830575
682402
490671
287569
851505
630329
285753
956223
422306
313419
886106
8309
483189
784671
499528
114157
197276
881829
153066
608813
726839
391187
13742
220190
618211
763762
450363
784807
626242
168594
506745
294024
774360
136524
946255
465675
558959
575655
49507
806682
989258
76356
860262
209690
958444
583178
726907
611679
643811
487721
264351
953416
879403
552933
73117
21662
494189
507319
886702
539859
318845
823263
986803
150437
605282
973507
972150
535829
947716
526570
429599
575083
498747
574769
17643
299905
483538
991698
767868
680749
271495
653321
818864
455932
419353
181738
479502
503778
410078
222836
968704
180424
607973
687422
608890
792909
347194
452434
331389
208339
247555
557186
637755
478900
322315
295529
984280
794727
596197
170231
243366
685501
650246
430716
960972
908446
649301
924298
640348
565209
481220
895489
356838
118844
633825
556132
357666
983366
743074
794402
710050
44546
195788
245987
894923
458780
333929
930272
831268
234480
473271
521767
580655
551609
602861
491971
874300
232319
539898
44195
940062
984500
633380
974386
517313
541991
876271
53484
570006
71638
154380
891968
12717
255407
33303
605118
272026
318921
330700
426013
96812
952554
552026
675975
447999
388348
891488
646135
272596
212779
16041
748212
712438
303886
861498
910084
466600
167619
877245
264191
794936
595308
649839
544116
285798
57751
283787
579442
992189
143354
380117
972216
186696
150369
272261
823600
451784
920388
573249
761218
804449
25233
351374
536386
182463
561081
648212
447990
960570
937875
914533
502706
765111
335194
485205
878552
396546
667094
849086
660796
91602
921520
384036
48535
876322
491719
419535
858297
644943
704935
467043
325544
614932
648319
225381
850811
475907
685367
776644
762728
900659
971424
76121
432271
965208
599196
819715
113737
887065
384914
973038
477230
350381
599683
170577
284698
786357
866417
14674
796322
262889
73436
561410
824878
889923
176869
729266
892217
724259
892564
287218
795465
635258
784049
120658
344333
969874
903914
461339
212335
904408
988817
492991
746070
728591
882186
741524
350634
315441
568368
414669
928653
362269
3228
905298
248876
474395
652183
258288
86543
700559
865840
56680
472032
695800
975319
719111
727595
903614
737489
633978
744970
568991
777902
53787
730457
36998
876748
567650
12349
603292
618825
664822
524955
578066
132497
769280
172145
416227
126402
222192
769420
735805
95159
921957
832121
160485
132673
523830
805252
931154
161597
297276
989304
346858
381983
964315
552584
730690
328847
524513
270958
490374
15639
685113
82144
732171
13137
536349
641250
236057
97765
964228
880762
202934
317922
31725
904653
640091
365038
834131
475402
822279
997300
388750
116457
608215
728441
670454
182920
401231
554373
161655
369931
682599
266219
369592
918328
173865
796078
160737
460956
274362
708761
946105
522521
245934
153540
765380
532408
833945
92275
792065
655785
482923
840660
725273
924458
1704
227811
900104
801414
92723
45931
957173
551123
737199
554413
616749
959128
583496
777321
771466
894740
872090
807424
543467
919014
145146
597210
348624
761602
918546
154455
841498
752742
941785
691042
161527
304374
401146
834690
631102
360523
820495
495497
42716
859456
10873
786506
991849
8316
888546
261300
426196
966700
535719
763495
486959
957158
665614
202261
153775
393400
566986
758844
433553
460510
935844
398799
331558
873390
997686
84180
713023
838177
846789
292226
190382
872285
601280
121206
792415
316603
889737
290080
487693
504229
945948
806299
298706
381197
466114
495032
151762
809512
764041
308297
336511
122139
449589
304481
344174
915673
53660
680917
169985
325881
695829
552451
695243
839570
512267
110579
474726
233437
929117
425705
401495
348132
429119
870812
120878
694025
969580
193638
699375
346398
658597
972613
162387
823466
654916
107956
24081
463915
489102
678914
552043
979785
366713
727371
557621
126940
948209
268654
484719
477287
389328
878207
495137
98566
468251
690373
855406
332356
426045
610951
205800
341546
545568
331090
968432
788650
392304
85452
710884
133504
501171
217632
381431
942197
834619
199668
687681
454971
168970
908871
316676
415869
722032
700912
902210
634045
328643
996838
682452
709110
312854
865908
976938
450940
117833
796499
987439
866502
745581
220911
105634
647297
812004
84772
495067
297080
632232
408163
188744
391620
523967
461703
419978
39730
941201
475897
340747
416174
638186
9031
399336
545957
126277
632743
774522
381392
994980
616714
148117
349816
637380
463325
367733
211108
868220
236983
409804
695215
560965
31909
634113
37474
612111
861393
30892
439962
593975
797816
462939
862433
139841
46373
859192
709984
833636
900186
942462
477607
140240
21426
298904
489884
419152
444552
28958
759060
209483
964178
567004
417526
540633
466536
291273
70226
197587
921718
8952
880388
393586
762148
833834
616789
603211
874125
6469
849733
439085
185056
56437
555486
485665
190966
250649
538160
267751
282994
660010
935893
378606
907407
437505
135870
293984
993757
148656
101401
260109
824746
361752
434829
484618
336795
643325
539299
464385
36129
164821
550469
459644
216560
845732
522733
499623
786987
802872
724905
231393
502500
867441
64569
505157
182123
465608
327949
79385
451812
683426
297742
277071
253713
600865
117395
307919
285793
616178
848892
580273
658992
520062
849996
92561
301975
283064
690485
737585
132125
942995
696921
28341
829760
532755
95375
520873
569779
879967
457806
15452
996149
904105
990924
235501
640274
213773
712559
527279
684316
263002
56638
833611
644167
319701
177059
534015
555319
196366
431637
341475
957157
868041
510005
987678
37540
890486
275204
608060
420170
857723
918842
729454
256874
111016
61371
50377
891492
412911
790897
566691
32863
140414
75420
508424
884931
42528
13659
422696
814027
16073
224166
169485
70776
155480
856195
44046
124650
77831
177081
283227
275138
657779
399441
226468
742865
983495
611727
309463
130913
480025
148946
291753
603280
538897
684089
234947
572484
531941
349538
841334
465681
926090
303572
301891
611875
400162
677079
423609
936421
37531
227360
356204
665652
999866
772972
627299
491010
941676
594589
580784
840090
496461
948330
367016
6049
896457
498380
908056
410560
888605
183894
424686
248638
654832
260725
426299
509129
709211
341185
572940
188070
182033
809775
946932
664621
11978
554923
894111
952032
356714
10829
638350
878358
409970
542242
246365
405905
511499
811353
252542
835674
819827
71807
193445
119534
400842
146447
437619
496653
963299
401400
759992
125556
723065
56983
966087
881204
221404
883374
45220
472691
474511
983920
414812
713053
621270
124741
32753
369832
70005
535451
788402
1662
512752
191308
255338
349597
88871
400634
253660
541074
379769
376696
488653
116090
688302
938061
884864
821847
755770
795314
481426
795338
433506
733917
632119
769354
871753
978864
199229
965674
740182
708574
598506
989712
580910
666827
744764
607708
332692
941886
823028
137967
149454
53664
23717
940949
938147
134222
849676
476675
489114
441695
419920
266973
100248
316144
681414
247267
222757
414243
59902
756744
120074
103214
777835
54541
415370
148695
372448
260051
532338
648764
728492
779459
184497
241227
171976
133335
508453
488954
124548
421314
27128
346633
551334
908622
209463
125022
445365
206698
14694
359887
247340
865282
528758
790527
129950
340321
907284
970269
364069
165403
873653
912667
524631
548987
33758
630833
567969
339918
190691
345479
881965
170922
953296
21780
991698
329852
462912
101107
505599
237866
429892
780989
399682
412925
225604
835741
945102
314900
433187
130866
633511
209086
375381
346855
275200
347567
164681
526272
554498
595483
787423
698380
397691
31947
820038
712406
275446
73146
224403
516914
465175
913857
405132
581122
652213
811843
994820
582009
46073
355736
992620
545330
677606
947309
726989
639249
506995
752869
903205
930943
313254
421539
632074
655095
325169
203575
526404
142422
737374
476918
930003
311509
172437
780997
874000
850385
91089
938890
204973
467940
147569
89287
136842
536856
613222
657571
341661
369169
135345
753707
49089
96376
297535
281256
577081
88916
962240
606563
643617
255560
903560
111590
883489
293587
460405
491349
59848
936106
681684
391707
553502
880827
694413
416326
537162
501278
477983
746398
298060
505352
769056
188680
943391
490187
435995
688084
381271
422510
160518
418436
76876
49977
382673
563013
130117
25208
432792
781813
577198
442348
415614
822747
355998
933212
893744
713569
250121
769303
440915
993996
152676
138355
511042
845632
327274
212440
615310
282271
707936
727799
984850
867460
926952
322867
908540
732819
123471
476110
938394
992982
746708
533344
631132
237428
446766
810666
941463
408086
319221
79584
203167
185229
467466
528756
685010
132576
614291
26153
631885
622425
348769
230530
839261
792305
5721
539857
576739
784918
899313
494696
879561
475212
490410
87764
715710
490005
508013
638055
768100
495803
495592
769501
982954
659150
846089
336181
241946
776240
574187
74144
900983
897461
904378
420475
70419
636227
987643
203397
614928
163159
905810
201321
275580
206711
286064
196590
797059
963945
375938
830248
408579
941262
545800
665977
146991
75737
584546
147368
518018
164816
398057
970348
132554
149365
276374
479651
600112
272701
239900
226307
718608
725581
648638
536333
300776
758922
282911
506173
238194
921512
896361
875238
374066
997483
2044
964876
417086
961969
764737
105284
426890
787846
410813
467724
175964
646095
591843
550701
188855
785464
548999
319688
811010
322973
288391
834376
408151
135185
644064
601685
215797
167078
993786
27577
907603
463547
82670
662495
376701
86674
942305
110030
719620
356733
280179
442595
269440
814032
360696
431619
238050
568972
631861
980092
413361
610722
130239
43187
304941
43042
385942
415168
95691
810806
957652
721934
372634
445311
756542
401864
57624
616556
282622
104903
215385
761926
583562
746796
246215
505075
123429
803876
971099
39619
142535
266953
131876
837872
250409
867270
869979
391136
376618
65838
26525
521579
515144
766215
883771
689107
965154
118346
788370
130277
648848
376839
619211
111382
313936
521710
633502
924574
286583
448075
46574
595167
338195
903928
71268
201050
764775
684791
195476
617168
846678
353861
28788
124909
840923
393970
949094
402805
671381
369992
914138
816731
753425
314428
50840
407495
134353
962212
841220
484154
291745
202614
785795
131050
688390
307044
943755
56620
304055
769973
967692
788089
797481
194134
543652
194290
945000
139487
88961
618985
150964
596875
597188
834288
706529
745604
933587
416224
186534
813021
942482
497282
631396
256733
301912
106919
679101
104335
632582
818260
919919
660301
576385
562727
735085
10027
403631
871327
490335
170880
344183
838787
570091
186260
887944
43942
14541
108624
807522
295434
123537
91760
991751
261768
35361
559437
277751
179275
232924
75267
802139
436519
557464
910317
484639
280043
357380
8669
758646
421851
934290
238762
884155
55690
258230
975901
982531
490077
379524
690156
486260
672768
384163
426456
315148
841725
783589
351464
942167
599352
427467
593371
336805
102218
623199
561849
68171
591556
285718
293932
460451
562661
452487
18596
896723
271418
490981
577274
494570
648351
648102
275169
212572
988012
756653
214846
43667
366267
395282
356809
634915
412428
5435
852744
585850
808115
253840
951591
294165
402087
468511
358756
857902
216029
628366
902767
952888
914118
211473
799658
969732
305601
296005
584400
427025
930597
727812
308242
601013
545740
423603
718904
286030
157581
921219
598428
761449
564435
606046
570655
263524
335307
846194
214183
32666
18032
303591
722500
725048
695365
270901
819068
874887
51039
251259
66358
723613
765635
68071
871566
109242
96680
155310
33712
538536
900400
454933
241070
803970
615715
751680
829884
139249
582862
203179
630598
909181
14150
732342
454142
367381
321726
896979
150944
189168
481517
987939
718702
937973
768059
349472
274545
172925
816631
163931
861572
794373
637704
149973
974659
331321
456659
244517
241543
824603
778802
395387
996983
104984
961760
814652
423292
616110
443400
864089
645301
143994
454358
337669
970157
831032
262580
202027
461488
699829
820433
898196
882465
711154
995630
608370
986085
702604
743219
533971
961437
307266
418925
161551
466974
720375
227023
402313
416828
745011
191162
469896
232089
668201
469582
963027
127456
221611
702677
845038
466206
931063
826896
952938
29609
83956
504752
340268
590769
581458
526952
918366
666000
240675
90905
767707
511857
435606
113012
10254
45562
297848
840435
119280
808073
943910
889357
210459
310849
820089
646466
26552
492975
320624
691135
28136
990179
362088
2054
207735
850519
179345
769814
406744
224911
411772
591078
942650
194601
258259
292238
185480
184296
584331
110771
238445
144835
707266
80787
926158
43209
249985
696208
597444
947406
228304
128501
929747
311328
215801
730639
5372
56446
910700
325748
399556
922449
267412
941907
596717
971057
385091
472597
596245
442089
633461
857314
101009
349125
941655
506436
132843
732180
152214
145936
262675
390431
549405
100473
986773
823243
661906
454941
188877
478768
135984
217953
48304
358032
406120
299881
899152
335379
584398
408798
233552
992020
750767
175477
163898
284416
424956
315839
672528
54768
876262
749811
301882
512913
851776
828647
172050
541505
642413
736080
446194
290754
39866
169020
474129
728971
36226
22026
444001
259191
556901
472310
185168
967304
148110
579617
222817
210963
848921
953707
930239
812939
642101
737745
891785
253065
767928
506648
572802
896309
580565
991153
192682
967317
605036
57275
938232
451065
639724
388970
534562
158609
374063
545021
806344
217323
739159
235972
8027
573325
196602
337570
461631
295452
351096
949062
28264
914744
328551
385510
586330
978257
531839
300178
507729
691639
355625
496806
483223
57514
850005
73118
250606
938876
992535
978694
634231
546279
985116
817351
428541
59042
276241
566381
233620
995183
987313
549545
374186
745945
253626
360536
706599
68430
543284
974322
426954
534896
29132
841911
703497
795742
64159
742863
31310
611456
893366
546951
519129
703771
455758
950219
172173
785004
40053
765354
501042
140505
348788
688352
771295
908965
754869
652444
128790
405267
175607
369200
709471
978752
213256
262216
944179
486840
757168
380972
711493
443119
865801
542372
854042
378106
519455
391738
89994
786274
316104
750925
340181
144156
418244
243511
843284
394813
906985
369550
521316
292074
429929
69312
205746
276447
451324
411749
621207
137400
921311
929121
101735
850093
306074
690501
964348
255830
376092
140283
986336
140134
121787
974458
278708
154077
678711
333913
624848
514304
847567
797091
576605
915040
430271
499483
294805
149466
375901
229127
930998
256206
423380
684849
865242
250753
267062
894980
394781
240321
975440
144539
108230
966286
28892
48726
272678
840191
623973
854986
972349
630805
165217
762441
547714
937830
731722
958373
85275
773421
227869
411911
612516
989362
180038
994603
529387
910163
447090
500969
762300
659714
398361
547451
740257
97122
15913
731041
190380
985970
929347
992740
957273
440336
681474
995937
913219
701025
294371
298882
288352
593378
516246
722761
407762
334808
682734
654038
431501
464023
158071
319980
989523
29887
994229
560803
102248
111571
525229
281832
205606
942826
803150
730900
568967
21033
796703
660352
24240
329179
898844
625895
335235
212742
719912
877858
393395
303403
392804
483637
960159
878788
573707
755794
6324
298740
814012
205207
571992
695443
17787
763806
790862
154739
280906
87654
21511
992842
934750
780375
111293
139862
596500
118102
100377
248318
905060
774139
637746
132827
769296
959422
127379
261186
828296
859558
313510
241548
749122
463979
932849
713983
455937
221741
64026
329482
460667
346315
170262
562881
27990
754304
62851
227642
169684
629656
402041
333304
317990
417268
826676
289663
574089
369972
287673
391294
19537
252025
421241
550607
715394
590210
792025
22927
213397
816312
807690
634421
242148
854316
678160
875003
959497
39799
632513
696789
359954
574745
780818
568077
741985
777144
826670
553205
954842
517671
985435
314002
703027
128353
994809
257873
338028
71284
499210
260516
938394
639774
910240
139950
308435
389321
560637
658134
92047
813830
55315
929047
684754
68156
353909
276341
133051
351395
159135
722463
171833
438563
591233
653716
830933
218682
678427
563371
746392
899639
134672
557384
435856
4519
934944
726340
774911
720149
133770
760897
863538
262639
561696
243207
638257
968802
484182
485395
920103
814975
967967
368919
222466
37689
874052
86311
675925
556388
285960
193920
952942
204681
124173
326945
803113
87803
307344
403183
889268
992442
360323
877862
549804
583902
583858
382158
157047
868648
51574
332572
546184
747977
776173
122671
261678
96997
907239
245103
767640
501042
658729
404523
702281
570276
758220
43229
606973
383424
464563
622978
80374
227497
107161
274851
933003
430603
632677
637460
571099
373864
851429
44657
807547
298265
265353
158633
63478
453021
18321
665734
64227
278501
376623
59768
520921
647658
575747
54914
547476
569565
424937
86678
417379
18754
334033
205019
390825
859267
433130
832988
573748
629992
898244
968102
587245
378529
840405
635821
993401
790983
34410
260530
85988
605789
75880
341335
423224
289569
616668
164339
263605
72961
938078
981420
419032
435643
209744
515750
960337
762663
603462
197784
226219
401254
54928
285764
25481
99356
928013
296508
766545
918403
434501
338042
388580
35722
308461
974269
758037
680507
841754
958606
747672
187189
309983
654945
78959
757909
597073
688180
515904
18868
150301
803831
894284
502157
469012
629956
83872
740453
369358
98358
550392
676413
817494
31219
749800
127115
70311
565217
669517
785065
546706
85311
385436
560359
557887
994036
835593
135575
716614
140049
482478
49746
18304
313456
635744
125447
205887
835212
677559
285091
180418
968778
8496
704024
159157
66016
269373
483636
392038
599517
787103
636733
655555
862131
207695
813164
879974
29786
220021
103947
954751
493880
23511
705027
211558
674751
673985
559082
815613
156250
46187
279123
144538
203008
674110
915152
112931
344169
729985
421209
366886
971521
939450
33344
206326
123870
739388
856117
864622
273880
765036
868267
648617
118434
375486
701133
584101
316701
995322
386263
817160
305683
931703
107695
927616
304293
8177
192057
839910
310588
644548
320965
70649
162080
382630
886671
378839
787799
105363
949279
964689
234130
682939
708343
916799
214665
958393
586839
504657
817707
345946
940604
642072
10126
945362
303925
757583
482089
134465
442880
169396
163919
688712
702043
297362
727401
14120
101886
131804
439143
114906
70157
386591
756262
960646
360421
224454
578963
971211
281796
803923
697121
633263
751947
599308
358722
87854
323281
857478
415218
170284
267723
493988
518905
416343
145313
329950
650250
84965
524561
298867
296099
110237
98482
338744
575180
904386
269246
123813
765748
316126
277800
614911
553942
708181
39394
772976
769844
936845
857128
798111
81780
486952
151573
185344
636765
504571
498223
59243
825331
513760
380463
78728
638765
779466
823475
974454
751089
451181
195458
438984
761585
617829
719126
948544
457617
62948
350768
148071
747491
245395
277961
303709
81543
168426
855323
995036
260258
752743
851025
749326
759022
85319
320972
425701
760956
949654
804321
368606
853209
713179
742004
749923
574322
268195
338267
991012
865806
987300
220466
451939
290442
165841
309617
503476
70707
4425
302454
271265
403780
933900
516571
70789
533723
169094
359993
146400
635531
747543
951339
140259
261939
382181
614414
619256
191789
370597
561194
930875
855398
382625
875707
254924
784772
525584
265972
600113
968042
432054
893446
455926
146915
511991
86935
160005
991372
44241
771248
714770
527276
407875
312519
115201
742499
663793
918769
203869
89201
981166
567202
936063
863525
590334
192178
264770
110995
777158
773790
548528
976974
349125
914965
359006
168502
401162
531851
585683
395271
500120
801553
572673
117733
671730
839477
665628
288503
156005
861054
598025
933385
441699
336692
400716
389473
264596
23028
793017
308316
343543
402644
816745
45355
196404
463754
623254
642803
938359
88782
529797
232191
778616
157819
558934
181976
221410
894537
674891
602103
382300
188245
304557
300449
738497
127030
507989
322873
464537
924465
565894
760870
628828
757292
764862
203703
810843
251855
644634
363604
435218
764585
829740
46283
365636
635279
357517
182811
471763
507401
900831
774472
356193
362302
774400
591711
303024
440672
923795
106441
160083
71344
345094
421895
572429
435280
760282
199608
400148
178464
392096
392165
228848
736648
101068
522717
726305
192578
942126
176098
962659
262548
996613
242362
28714
246408
202424
445869
56837
418243
705083
596929
313150
596005
282846
352676
228317
742031
333997
70887
661384
587540
717063
126368
746161
886446
455325
249164
506465
196623
514112
518680
442369
524636
619930
79358
564987
325245
818358
652646
682806
139673
239313
949432
980483
925738
649213
574153
143183
152169
673947
63350
19899
200941
761933
681485
544271
521095
613085
564969
146810
491723
750191
329178
504998
101729
755563
432149
216284
840761
350940
529676
642117
955484
842443
578734
985542
313720
184927
716654
855471
532066
968322
669772
737952
529505
551951
891418
93178
501106
273599
511476
99854
534523
731137
46884
671853
568516
781474
889619
678708
81641
781428
581762
114181
528062
65487
790765
685712
675533
148939
851677
111439
195951
445960
91041
140513
767297
578467
522535
55787
447023
965223
973445
519775
113017
731378
673219
380215
493574
157423
992971
433957
965905
728763
75690
366455
907771
891810
526928
30750
688114
26215
943142
356022
942546
502109
758082
74407
885014
330084
733714
420669
691773
210391
41727
855085
684117
658904
661086
645646
51860
941080
679388
612066
193758
29549
791242
299031
237921
508226
467819
98699
367501
320045
214936
867055
809887
914721
568377
520807
209126
989574
31200
532023
470537
630082
655826
220458
900606
930023
523292
211851
465858
305394
90956
384205
848059
67592
783927
202703
174745
673995
712383
301992
726593
872402
282476
858266
835386
905513
364890
336965
377638
167877
368027
884914
702223
417939
442009
368097
717933
933094
378804
551633
61930
366501
10657
795194
835347
735947
244508
101811
942742
656515
50661
580611
680280
376620
855105
349988
506466
836015
704907
400260
775829
629222
299310
253037
64959
777692
417294
657984
406543
72635
7592
942928
714864
212276
324250
19168
825377
326104
273911
750573
171009
339822
759152
541220
43151
558297
270007
98393
837984
783327
204838
553186
748978
998097
149378
428143
56095
619108
862607
3638
142925
45232
990616
524933
313410
597057
316795
414072
878136
218402
813659
765427
8810
216976
521185
495903
450988
117849
713960
350788
452654
104716
63503
143983
151221
526858
45592
58528
387943
967131
300332
481191
168889
542719
265369
792394
687237
163013
267087
61177
634721
924568
175206
852325
334052
812238
559384
118082
368255
173922
349392
372583
766215
368959
92424
741015
486089
23746
55191
342455
309109
381384
632153
736520
693107
398788
251026
937907
296428
601531
340550
722896
690288
602277
189142
168015
231901
858451
561206
496129
971326
691773
880492
884420
601996
186265
922209
419912
955418
151742
640515
603387
182644
166621
267776
734878
71741
323567
76257
802497
672245
799380
652503
974913
873693
3668
724034
903597
66596
634869
143785
346559
552757
56574
770309
94128
775507
482235
621091
364130
642421
426292
651138
388890
912915
242096
500903
813127
889979
481176
795875
750186
277341
993242
441897
880358
784661
703326
413214
46772
329841
299761
174159
400022
944809
27225
346424
79503
13627
159924
118210
49355
179505
941095
732342
250858
641702
635562
114702
555780
60725
443318
38620
41667
723591
710595
331956
69094
863155
977953
160294
940239
190472
800105
596665
486691
727205
560382
386263
551316
358536
95999
725628
661027
378794
270729
568975
553779
90745
931086
660934
631242
770359
189658
592361
423701
152374
441468
470847
835662
715384
705923
503273
352557
472083
170135
815859
293572
919425
516955
245433
540823
62596
24860
74193
948603
266693
179757
311485
854784
10019
275640
71355
502906
264018
643775
940639
338861
812476
117547
11906
545965
853656
15323
354331
80615
103577
223367
693051
739655
470819
168081
620986
58355
753095
646834
924077
854198
786965
148575
257765
774338
227937
790903
675185
775481
902716
32857
233026
57999
649747
69804
182094
330040
39225
979501
394275
805603
196093
33612
154785
596915
325005
69875
417328
402262
584417
876079
372512
175242
619919
115008
324355
903423
273798
487542
868848
857806
733557
416785
779515
617616
609961
823366
785115
398521
301752
45215
485056
476064
136539
940765
141740
35292
241040
691591
262340
425227
229364
649395
929094
374042
964554
934874
877567
765647
618587
763140
478438
882981
243688
15942
305290
148368
939032
671041
517987
459837
6371
438303
621796
126210
935869
613097
877469
551238
925313
423178
635735
85808
526622
579226
729757
988099
243573
699880
63278
243512
460702
293451
708466
338169
231134
116364
653466
458430
491234
36151
319222
653116
541134
555316
346853
918150
879459
23175
877441
16981
847570
590827
250275
526929
433747
825062
978968
511424
158753
367505
827783
535029
777546
516184
846256
981065
75401
202071
768402
54957
724272
282570
726506
119857
300075
957511
942307
23861
688248
58167
543779
24526
180661
150974
482894
916431
512465
978300
315720
837488
570022
793571
993564
480594
265219
157445
952577
80395
590130
358164
335123
836151
462287
622157
973597
940258
478244
878629
835831
814683
357437
970766
553146
243489
333421
526592
256343
476157
627195
442147
962731
430986
838958
903172
424182
210460
813236
268216
188407
503943
976573
847251
917559
933653
910161
570801
405386
880305
713873
706529
374937
696354
956835
346329
113876
659840
369207
502199
706472
634334
838503
843041
39146
460674
791567
332024
523899
454425
211952
140381
431857
253385
256070
132223
162247
667625
977340
617170
4376
564964
957293
450856
527056
387876
177267
79625
338725
950783
349619
151189
727423
929967
653950
829821
115577
466499
823735
812429
775722
265460
320708
608995
730619
852267
254714
491121
241127
741271
159990
638467
204463
880223
114869
910397
308212
769459
765405
953092
650977
626827
44765
779345
397844
501028
444576
476414
613727
193147
499849
206370
395562
12789
972488
615146
580199
969807
794965
296133
572584
375503
424138
570189
762996
240397
240412
191252
494432
228894
499936
622562
319452
881965
247439
70087
173949
956241
210031
587912
537895
601736
616066
6616
972442
506571
166470
543718
635125
885746
476345
35345
741661
751492
519573
242028
895626
430565
853714
333589
20263
326800
338284
500483
510982
668498
370222
238523
522266
277810
710203
962906
7060
386298
667850
469092
662184
135629
816894
843237
984146
821527
401367
558465
153489
655884
985566
375425
259911
295132
768108
1126
882665
885123
867029
317354
934843
524836
22106
457803
311878
289830
851244
571606
157900
454281
32162
284468
626305
810577
34801
722711
35773
132132
263872
306656
396181
110005
988777
386704
111679
7934
262896
952623
644071
208067
519939
533586
724419
673424
623196
468724
644902
215530
228146
391187
579135
215015
42062
136573
134464
54296
157908
193146
363867
799382
531641
746475
791269
264586
369612
450176
823717
912435
652240
648758
310552
658916
148671
608980
134749
255494
497247
62099
92444
351790
49422
936131
457492
273831
218245
678316
978919
408844
724588
173083
671593
8340
681217
107685
399040
225210
141881
853857
193267
140341
929918
830483
732469
712082
832839
57695
268900
389815
142281
627537
979857
101803
312104
576100
371814
446757
289945
156632
857230
505470
457492
20971
460492
437185
273754
304940
93655
230354
272057
992397
770732
118325
608033
637141
57720
190853
569047
70783
362008
953056
436439
466954
845142
574606
562146
331890
377336
604636
61584
500187
839919
121472
531464
216852
285122
228257
539120
277354
721698
211598
326601
898343
376884
436539
399673
493109
528894
766213
591064
589766
298860
31001
784812
508957
328130
643805
213176
135843
60087
123383
515191
671401
487377
411404
572806
626455
700166
783150
186225
749922
374163
425818
399510
482210
30547
439694
347418
786834
814141
138157
51555
705789
333014
675795
247865
22960
102620
380395
512112
93852
617799
207885
908475
44470
842855
924570
172745
526993
248086
480690
442286
173919
281126
980564
241073
261575
61339
666283
43921
236248
296866
472883
52166
832525
512241
21486
227600
439692
352441
244262
271854
894007
420532
75273
638045
972518
638507
607413
34295
312980
68059
305041
784138
934797
180711
334816
672764
960177
454845
326045
187654
169301
559305
972963
471185
583233
965894
540160
161472
852753
883453
718373
177085
804810
390415
565625
153883
166767
343972
283149
897579
230039
856707
331803
283501
157212
827268
419991
76381
111827
988140
247120
129546
207269
724074
863562
515193
999639
933146
164373
705705
618230
216081
921385
981337
387464
282646
208239
700442
132508
423065
949381
90789
177701
555867
632039
723701
838704
926863
759835
822429
908577
732302
614496
294363
460027
865208
42346
446686
628056
847585
32888
632991
392185
422675
46127
992378
568879
249162
222773
258397
440652
470858
546988
847358
798349
623969
407422
701052
948783
907749
54114
220262
380223
729278
33975
467459
903728
987869
140104
528539
313028
635659
638508
346430
650244
965885
958641
905000
935970
293197
899101
252420
164289
849122
479620
661885
595083
855405
823306
53683
683744
709591
508386
146136
83839
138349
819138
926422
529335
190648
394839
578150
539907
285832
481464
368176
36964
746830
302055
415557
197002
365949
498966
880888
617953
971664
774435
415609
748741
780140
792035
399731
543714
683004
576775
434431
867083
10710
290688
10419
972346
558303
363288
393573
259843
110915
439139
185042
94887
116366
627865
497351
621797
980413
167033
492617
333178
473343
133439
659886
931086
823238
742688
675556
61734
541721
653843
102635
247987
711028
327201
224855
5181
435442
556470
335571
526605
367102
309279
478352
664074
125256
745797
241968
362681
867575
57987
754262
879222
704926
420007
694000
252383
31114
761823
454397
524377
274350
49584
715065
320006
708850
750614
104990
987214
739137
883852
539676
90632
216307
566568
608374
904115
318775
313656
675008
134767
600102
227397
909740
368602
740583
542984
363459
307007
379787
974234
228440
672247
392088
497741
401064
630953
948893
561923
902851
579470
872686
39442
443629
414050
252340
770397
251613
447239
113569
770363
332274
948979
185628
196544
863310
50289
7347
742916
156960
339589
320854
654804
415562
358801
103500
754436
637056
238257
871645
972051
215828
742
772010
548720
45594
200543
218850
148347
401163
125496
177398
280191
849761
915738
347517
441161
430486
397395
968745
621279
294534
813237
256251
78150
320472
180958
710511
448537
191398
68332
973876
835524
702862
809728
60991
786306
941648
9046
951901
506352
556092
381475
517206
602174
508942
993894
68498
173521
92011
807329
671743
451739
331718
324778
631157
306899
749270
59802
579561
49023
233655
406851
280915
902492
512960
672786
834554
50665
946884
268085
427458
396835
364458
80201
932471
208280
23095
917220
584477
647881
793792
986439
140741
605015
18276
323556
566875
199635
373453
13031
97035
203662
735179
47431
415050
336387
158999
926572
720593
907123
951755
452099
274678
244355
597240
873670
602023
327058
96060
447298
945279
200992
627222
413935
255138
175452
706779
551678
953013
152975
202201
994541
381143
486795
274140
572526
920030
759638
978025
501728
571836
165607
225484
188783
1637
361117
3479
895127
187750
493079
486339
456242
962881
244498
586493
71574
68851
562173
493077
885442
134613
971214
394697
923056
956151
700061
854205
763714
449803
499297
288399
868558
771525
378321
380327
5091
296890
441938
493420
461352
75473
753119
634905
77444
305691
588035
750927
324902
364377
876644
13623
221348
768782
199266
204727
438160
998706
812036
708340
502320
779937
137359
931011
74373
719614
882971
160770
160376
977921
